2 0.5484375 0.62890625 0.1015625 0.07578125
2 0.55703125 0.728125 0.10859375 0.07734375
2 0.74296875 0.73125 0.1203125 0.08671875
2 0.8515625 0.81953125 0.1109375 0.090625
2 0.8875 0.14921875 0.0875 0.0875
2 0.60234375 0.0359375 0.084375 0.071875
2 0.38515625 0.04609375 0.1265625 0.0921875
2 0.3546875 0.4828125 0.07421875 0.0765625
2 0.41484375 0.54140625 0.07421875 0.05390625
4 0.859375 0.5671875 0.2765625 0.25
4 0.81640625 0.059375 0.28671875 0.11796875
4 0.25625 0.63125 0.3015625 0.24765625
4 0.409375 0.84609375 0.2328125 0.178125
4 0.9265625 0.9125 0.1421875 0.1421875